48.813692,44.803464
48.773892,44.819277
48.765536,44.816121
48.766531,44.814558
48.776027,44.793699
48.783368,44.786619
48.784128,44.789238
48.785531,44.82939
48.790688,44.833172
48.815226,44.757436
48.806793,44.756187
48.815097,44.756084
48.81349,44.75751
48.810629,44.750403
48.814892,44.754118
48.817196,44.753508
48.81093,44.752351
48.815695,44.756348
48.812296,44.758029
48.815906,44.751936
48.814973,44.753451
48.815358,44.754571
48.812317,44.758149
48.815325,44.755507
48.816758,44.752977
48.81626,44.757624
48.817062,44.753389
48.816492,44.755585
48.814345,44.756341
48.816099,44.754187
48.802747,44.755253
48.805091,44.753268
48.804059,44.754801
48.816667,44.751373
48.805099,44.75482
48.805744,44.75787
48.804183,44.756184
48.813592,44.757314
48.813783,44.756902
48.806405,44.7509
48.808884,44.750377
48.808722,44.751467
48.806378,44.757292
48.808601,44.751764
48.81721,44.754882
48.805988,44.758526
48.80803,44.754224
48.816307,44.754957
48.811836,44.758406
48.814743,44.756522
48.81646,44.751439
48.810846,44.750991
48.813685,44.757597
48.810202,44.751485
48.81578,44.752616
48.814956,44.757885
48.812486,44.758192
48.816503,44.750839
48.813071,44.758406
48.810734,44.75242
48.801968,44.796578
48.806804,44.801616
48.813406,44.801531
48.80461,44.797586
48.801265,44.798391
48.779694,44.764132
48.778472,44.76887
48.778781,44.766469
48.778678,44.76731
48.7787,44.767074
48.77762,44.766932
48.781464,44.763914
48.779865,44.764223
48.777524,44.763498
48.782581,44.762203
48.777703,44.763595
48.785231,44.763024
48.787892,44.763365
48.785253,44.763443
48.761972,44.823504
48.760239,44.828126
48.762836,44.823652
48.756272,44.827909
48.796717,44.831793
48.733732,44.824451
48.734242,44.825788
48.734821,44.82168
48.735626,44.821657
48.735387,44.822134
48.737176,44.820248
48.737974,44.819954
48.780019,44.817691
48.785725,44.810845
48.782964,44.809422
48.801753,44.790909
48.797992,44.796044
48.803056,44.795267
48.799268,44.794448
48.802095,44.794756
48.817082,44.854749
48.81604,44.853973
48.774115,44.807458
48.774908,44.806877
48.775546,44.806926
48.81555,44.761124
48.815579,44.750265
48.810635,44.750343
48.817011,44.744908
48.807672,44.746369
48.80699,44.745206
48.806858,44.743803
48.807468,44.745368
48.808386,44.744672
48.80788,44.742404
48.809127,44.743596
48.808744,44.744683
48.805173,44.727844
48.804903,44.72626
48.815279,44.746637
48.81369,44.743902
48.816965,44.743903
48.816351,44.74683
48.815747,44.744713
48.822488,44.816307
48.824699,44.818521
48.823866,44.816664
48.822166,44.819396
48.826581,44.818111
48.820476,44.850171
48.823312,44.862642
48.821,44.857508
48.827208,44.860876
48.821463,44.857026
48.826364,44.861513
48.823045,44.861998
48.823968,44.857706
48.815992,44.764103
48.81503,44.763912
48.815461,44.763333
48.813019,44.759904
48.811432,44.760242
48.811756,44.759383
48.814411,44.759001
48.81664,44.758972
48.815457,44.758631
48.813531,44.7587
48.814379,44.758504
48.815347,44.756308
48.815097,44.756084
48.816206,44.756013
48.77418,44.820541
48.775501,44.821356
48.777022,44.817705
48.773125,44.823087
48.771308,44.821733
48.7724,44.825934
48.756921,44.802831
48.757101,44.802129
48.759763,44.800865
48.7614,44.801121
48.757584,44.804443
48.757506,44.804905
48.761055,44.803291
48.761493,44.803096
48.758663,44.805087
48.740395,44.816905
48.741973,44.815847
48.741909,44.815911
48.740345,44.815079
48.768287,44.814112
48.767629,44.81513
48.768541,44.813469
48.767539,44.815731
48.765847,44.81377
48.764928,44.813509
48.767815,44.817464
48.766337,44.814813
48.76565,44.817829
48.764659,44.812693
48.765766,44.812017
48.770955,44.789093
48.77077,44.788928
48.773395,44.788563
48.773379,44.788235
48.773192,44.789059
48.76915,44.786151
48.767487,44.786289
48.771091,44.7848
48.773869,44.784744
48.767558,44.785211
48.823042,44.81139
48.822854,44.810191
48.785612,44.757285
48.783886,44.755601
48.783663,44.754839
48.786452,44.757055
48.787818,44.759976
48.786473,44.755349
48.787225,44.756108
48.787966,44.755509
48.789093,44.75897
48.786569,44.753792
48.785605,44.753023
48.789042,44.755601
48.788999,44.754908
48.789992,44.756144
48.790199,44.755123
48.789448,44.754481
48.787521,44.752048
48.791247,44.754514
48.789128,44.759491
48.792032,44.756864
48.78948,44.752566
48.793313,44.756271
48.794171,44.754567
48.802122,44.815793
48.802583,44.817635
48.800987,44.817694
48.787523,44.780304
48.788328,44.77704
48.786902,44.776722
48.785954,44.777424
48.785679,44.777889
48.784468,44.778036
48.783286,44.7789
48.784289,44.777393
48.790005,44.778105
48.78934,44.774242
48.795646,44.776546
48.787926,44.773328
48.791286,44.773228
48.785959,44.774236
48.788536,44.771298
48.789306,44.771263
48.790834,44.771075
48.785048,44.773619
48.786578,44.771672
48.790518,44.769845
48.784788,44.772198
48.791309,44.769608
48.791334,44.769473
48.783229,44.772648
48.78509,44.770585
48.780684,44.772549
48.773156,44.791118
48.771975,44.793858
48.77414,44.796056
48.775323,44.79389
48.775805,44.798154
48.77508,44.798736
48.777822,44.79222
48.815948,44.778303
48.816598,44.777285
48.813513,44.77778
48.814869,44.777218
48.816572,44.778299
48.814333,44.776596
48.816066,44.777556
48.816077,44.774587
48.816672,44.775281
48.812638,44.775075
48.812319,44.774912
48.811665,44.77738
48.811396,44.777463
48.812271,44.773829
48.813204,44.773249
48.816528,44.772417
48.816971,44.771745
48.774687,44.785759
48.775498,44.78794
48.775547,44.787496
48.779253,44.791778
48.779747,44.789044
48.777479,44.785952
48.779598,44.786481
48.780247,44.78508
48.784947,44.783059
48.786292,44.788379
48.783823,44.786797
48.784875,44.783594
48.785042,44.786652
48.782784,44.784699
48.783687,44.784692
48.784588,44.79092
48.783633,44.787245
48.782911,44.787463
48.763643,44.772939
48.767491,44.774964
48.768731,44.772661
48.766977,44.771291
48.765983,44.774362
48.76596,44.773681
48.764866,44.775076
48.76487,44.770573
48.767341,44.771025
48.767804,44.769106
48.770365,44.771378
48.767001,44.76654
48.767704,44.767351
48.769524,44.766653
48.768521,44.76476
48.769152,44.765435
48.807206,44.773652
48.807051,44.773872
48.809096,44.771051
48.810599,44.773338
48.810811,44.771071
48.809271,44.768728
48.809241,44.770514
48.802542,44.768339
48.808942,44.768759
48.807891,44.773868
48.810305,44.770017
48.807732,44.771915
48.808594,44.771003
48.807943,44.772983
48.808492,44.774079
48.808875,44.77367
48.811026,44.771755
48.811384,44.771712
48.780741,44.776219
48.776122,44.776357
48.798244,44.809508
48.798681,44.808603
48.794123,44.80785
48.823984,44.833495
48.825077,44.83647
48.82114,44.836412
48.827163,44.842099
48.815523,44.764518
48.814763,44.764767
48.810107,44.765032
48.810417,44.767771
48.810372,44.767036
48.810978,44.766457
48.813321,44.76702
48.81196,44.766843
48.815943,44.76773
48.811694,44.767275
48.814184,44.767967
48.812165,44.768076
48.816183,44.768844
48.815865,44.769441
48.812684,44.769612
48.813945,44.769253
48.816913,44.771159
48.812928,44.771458
48.813995,44.77095
48.79672,44.826498
48.798333,44.826692
48.795832,44.827753
48.768514,44.775496
48.769726,44.775586
48.77056,44.774931
48.771027,44.774799
48.772712,44.77392
48.772541,44.774134
48.772737,44.772914
48.773647,44.772866
48.773532,44.776302
48.773259,44.771841
48.773046,44.772033
48.77394,44.77217
48.771371,44.770571
48.775565,44.769931
48.812327,44.840501
48.812935,44.844825
48.758095,44.798731
48.756806,44.798266
48.757821,44.797928
48.758173,44.797429
48.755959,44.796917
48.75799,44.797301
48.760754,44.796577
48.733706,44.827339
48.733879,44.829773
48.768312,44.804017
48.768075,44.805164
48.76728,44.804791
48.766275,44.80374
48.799156,44.741578
48.797575,44.741781
48.79839,44.740129
48.797566,44.742816
48.801285,44.745018
48.798689,44.745757
48.801282,44.746315
48.801215,44.745181
48.799037,44.740179
48.804472,44.748236
48.803766,44.74568
48.801916,44.742089
48.80565,44.747062
48.807149,44.7475
48.80699,44.745206
48.801253,44.740942
48.807512,44.747183
48.807468,44.745368
48.807224,44.744276
48.803281,44.741289
48.803526,44.741393
48.799813,44.738728
48.80196,44.739862
48.8028,44.740424
48.808535,44.745247
48.803595,44.740178
48.801817,44.737147
48.804352,44.738951
48.806952,44.741922
48.806743,44.741213
48.806931,44.740459
48.808829,44.745921
48.798976,44.821243
48.799803,44.820634
48.799425,44.820245
48.755412,44.801848
48.755513,44.800044
48.752328,44.80367
48.751579,44.803143
48.754426,44.798843
48.752726,44.799228
48.75382,44.798713
48.752966,44.797942
48.799715,44.809008
48.803041,44.811035
48.801219,44.8086
48.801613,44.808753
48.803683,44.809836
48.755632,44.826637
48.75484,44.826153
48.754749,44.825326
48.751168,44.824613
48.751967,44.824695
48.752709,44.823073
48.757323,44.82445
48.816655,44.748397
48.816563,44.746942
48.815379,44.748062
48.817088,44.747901
48.817121,44.747797
48.813866,44.742634
48.817069,44.741224
48.81071,44.744194
48.813618,44.742384
48.813837,44.742389
48.813516,44.742643
48.810533,44.74323
48.816514,44.740483
48.814242,44.741024
48.814312,44.740647
48.809468,44.743261
48.804173,44.800272
48.803263,44.800497
48.801265,44.798391
48.799174,44.798413
48.799144,44.747039
48.803177,44.748662
48.802001,44.748684
48.800595,44.74831
48.797259,44.747545
48.801591,44.749831
48.801109,44.75032
48.804819,44.75152
48.79888,44.749364
48.800917,44.750766
48.804037,44.752061
48.805192,44.757647
48.796306,44.74922
48.799808,44.750653
48.801758,44.752054
48.798943,44.750932
48.804329,44.754293
48.802083,44.753543
48.798254,44.75087
48.8014,44.753784
48.804183,44.756184
48.799882,44.752851
48.800365,44.753407
48.802077,44.755286
48.797296,44.752099
48.797838,44.7528
48.797742,44.753562
48.798814,44.754699
48.799414,44.755497
48.797177,44.755441
48.797675,44.756283
48.806755,44.754585
48.807118,44.75513
48.79686,44.803254
48.795457,44.80539
48.759262,44.819582
48.761681,44.819099
48.761022,44.818984
48.788137,44.825639
48.787524,44.825489
48.788713,44.823934
48.813345,44.738684
48.813823,44.850145
48.810305,44.85017
48.807159,44.851007
